Commit #1 - 2025-06-12 02:29:57.110383
Commit #2 - 2025-06-12 02:29:57.142176
Commit #3 - 2025-06-12 02:29:57.161640
Commit #4 - 2025-06-12 02:29:57.177265
Commit #5 - 2025-06-12 02:29:57.194172
Commit #6 - 2025-06-12 02:29:57.210330
Commit #7 - 2025-06-12 02:29:57.226803
Commit #8 - 2025-06-12 02:29:57.242495
Commit #9 - 2025-06-12 02:29:57.258674
Commit #10 - 2025-06-12 02:29:57.274855
Commit #11 - 2025-06-12 02:29:57.290977
Commit #12 - 2025-06-12 02:29:57.306831
Commit #13 - 2025-06-12 02:29:57.322622
Commit #14 - 2025-06-12 02:29:57.340198
Commit #15 - 2025-06-12 02:29:57.356374
Commit #16 - 2025-06-12 02:29:57.372275
Commit #17 - 2025-06-12 02:29:57.387954
Commit #18 - 2025-06-12 02:29:57.403449
Commit #19 - 2025-06-12 02:29:57.419593
Commit #20 - 2025-06-12 02:29:57.435229
Commit #21 - 2025-06-12 02:29:57.453208
Commit #22 - 2025-06-12 02:29:57.469171
Commit #23 - 2025-06-12 02:29:57.484962
Commit #24 - 2025-06-12 02:29:57.502260
Commit #25 - 2025-06-12 02:29:57.517970
Commit #26 - 2025-06-12 02:29:57.533976
Commit #27 - 2025-06-12 02:29:57.549664
